585
459
195
458
685
104
326
785
357
320
84
448
710
246
227
654
466
305
644
904
121
468
93
22
215
200
975
804
459
858
863
890
934
47
824
559
481
780
846
398
759
775
28
568
950
225
235
190
254
748
716
858
281
390
411
728
601
558
162
961
364
121
166
905
503
687
808
364
913
771
122
484
875
320
177
498
798
981
943
15
5
764
745
680
770
37
915
670
289
609
814
294
132
183
445
221
940
607
287
369
554
658
818
539
47
127
359
713
158
30
280
357
283
812
972
948
510
739
896
379
533
133
70
797
986
564
557
402
122
738
233
122
887
604
271
885
794
96
267
851
314
351
407
953
295
333
33
67
441
211
757
332
168
254
52
9
647
469
259
310
272
531
427
92
643
858
574
528
830
72
780
529
620
123
415
294
677
736
748
870
93
973
284
423
861
96
800
680
88
187
358
468
352
579
731
5
375
500
886
546
874
318
938
531
142
544
545
491
495
255
352
250
230
206
660
604
114
955
442
442
631
674
317
620
95
575
937
767
63
889
506
284
609
374
228
968
826
467
206
413
728
864
198
634
300
146
586
917
282
219
241
419
294
959
969
343
