766
863
842
504
362
462
254
773
217
705
220
256
807
806
254
344
927
621
85
771
458
961
495
906
506
2
487
539
328
350
407
171
218
17
21
782
544
551
672
603
27
274
309
517
242
719
994
404
660
397
844
765
448
566
965
585
521
540
275
94
586
155
38
70
775
987
585
933
201
637
555
303
258
809
744
293
722
83
893
643
25
904
763
15
572
950
170
665
572
653
288
162
234
923
674
715
239
350
573
701
632
461
552
595
75
610
712
978
59
919
453
794
833
819
363
25
344
400
95
216
886
504
251
346
822
247
902
633
180
578
694
40
694
600
459
175
361
978
115
742
364
159
564
811
523
601
21
74
609
484
338
59
365
927
500
313
637
391
497
665
857
570
177
355
652
637
640
237
936
360
501
82
602
233
663
744
764
668
343
409
601
29
280
75
620
491
53
755
602
839
662
286
785
887
860
380
740
286
420
718
283
681
482
345
306
91
447
228
524
179
696
362
185
339
598
736
503
949
885
183
32
803
729
588
668
638
91
279
169
384
725
130
420
102
421
680
501
564
534
221
287
57
95
540
675
777
360
784
197
818
881
470
553
139
842
357
549
608
547
313
994
167
244
895
628
169
536
993
137
120
347
913
222
15
368
61
129
649
152
258
123
680
994
650
613
431
240
677
664
485
846
515
940
750
134
125
597
358
731
429
145
688
148
294
438
908
896
519
503
502
41
807
636
973
752
603
644
500
528
823
830
891
493
175
444
756
648
342
737
166
58
144
820
834
519
848
81
22
834
884
635
231
111
455
897
608
244
49
572
545
830
386
528
562
885
167
821
116
126
274
804
810
875
682
780
99
732
76
394
767
200
381
689
200
417
931
700
550
1
665
891
408
715
99
226
204
870
412
98
69
578
724
63
411
644
579
106
486
342
55
259
643
914
284
792
404
821
271
97
841
655
99
685
174
863
713
136
796
490
732
186
734
602
908
451
340
631
213
863
780
350
277
46
37
706
283
173
232
539
807
225
826
341
68
56
330
647
452
163
47
245
933
85
851
228
969
164
58
821
85
628
365
82
450
758
508
942
653
265
174
755
961
52
199
272
959
348
944
592
369
772
849
754
223
494
677
551
656
393
159
341
61
414
800
611
145
797
701
172
533
854
283
583
662
94
599
238
508
564
260
855
702
34
203
665
691
615
501
524
606
508
866
202
330
204
898
233
272
557
518
536
273
938
635
518
91
466
284
62
702
576
88
180
952
818
264
872
608
244
946
90
203
226
306
245
790
558
570
985
441
664
591
370
863
747
770
550
740
124
100
143
596
463
804
366
308
330
811
751
892
459
743
256
447
967
158
91
532
668
965
915
732
54
853
782
366
473
849
502
65
848
281
330
424
845
875
467
199
94
337
547
243
690
934
59
425
407
595
708
432
579
497
954
530
251
63
972
708
795
714
655
225
524
452
767
549
895
408
856
686
570
221
952
694
316
940
82
764
437
981
331
445
357
125
816
129
558
897
270
212
437
784
106
506
458
796
621
204
714
472
854
841
419
912
668
887
337
707
717
245
597
528
8
933
428
797
455
308
229
743
253
670
821
718
329
16
237
3
563
881
2
783
905
340
724
420
64
538
364
180
31
734
338
780
396
45
329
944
528
599
394
869
880
270
861
320
452
260
249
679
566
536
120
534
432
580
590
722
367
677
533
717
950
597
320
735
980
909
65
177
48
371
360
609
640
7
969
815
176
549
88
843
933
79
652
947
526
993
38
669
462
60
227
532
50
229
854
854
806
552
8
490
739
41
223
892
843
457
309
925
224
267
194
972
702
97
544
275
495
177
987
677
820
773
934
613
661
746
249
843
82
310
304
331
773
525
680
364
100
355
159
898
165
677
219
548
653
20
626
302
384
946
116
940
40
423
793
505
930
551
972
74
140
162
416
472
78
766
75
970
693
125
379
888
95
58
915
493
150
424
327
789
194
611
581
538
572
374
526
621
988
467
629
359
357
701
756
327
538
832
423
651
213
401
884
93
89
612
642
244
713
119
913
898
59
76
744
374
837
317
933
155
263
810
472
806
248
539
929
289
618
181
767
796
507
251
576
771
443
840
772
951
174
775
365
619
161
110
27
517
522
819
411
144
23
478
785
784
555
211
85
841
573
177
873
988
212
383
271
106
220
176
982
725
608
239
325
434
835
496
908
450
283
363
281
798
686
829
247
717
544
208
733
690
481
701
982
791
813
994
931
848
982
899
628
236
252
639
678
20
227
246
789
702
630
619
756
776
832
382
613
919
801
842
971
979
708
686
950
407
889
416
995
213
349
923
700
697
661
514
37
22
111
171
