481
508
288
268
320
974
790
259
973
708
564
997
986
732
126
115
751
486
972
213
136
848
979
518
802
709
391
875
571
748
299
640
901
727
648
128
336
374
77
544
249
4
8
917
937
642
819
199
306
643
260
366
486
64
290
185
995
307
404
554
161
451
765
633
545
794
660
530
958
936
135
730
921
443
825
426
876
323
109
61
874
507
778
932
575
507
969
749
652
20
153
114
237
177
310
899
599
580
695
96
1
570
295
882
299
835
102
245
780
28
642
580
788
308
940
647
120
782
177
614
91
661
423
248
85
814
802
585
593
609
766
977
490
779
848
859
259
872
453
852
24
966
599
69
43
83
12
905
71
261
321
760
97
790
258
382
829
265
171
411
663
231
118
831
2
894
624
802
247
503
401
554
638
927
232
641
270
114
484
629
445
365
77
536
245
940
204
340
929
311
958
701
28
300
487
566
342
113
516
681
820
383
666
995
417
454
13
917
743
2
186
910
541
258
81
271
296
894
281
916
221
554
285
431
946
921
32
250
244
852
384
529
3
172
466
540
882
730
949
47
330
634
157
288
701
627
863
455
459
835
147
803
375
683
405
487
980
413
109
888
610
58
51
641
627
418
379
659
29
305
689
48
422
656
420
693
330
889
711
772
112
5
501
792
286
773
536
251
341
612
829
406
638
676
647
481
325
473
954
554
962
311
280
601
28
813
43
958
410
82
354
782
769
256
111
352
353
808
881
603
792
714
349
298
848
557
5
824
182
777
894
455
559
853
427
173
181
767
828
329
175
400
728
217
42
28
129
521
846
246
684
909
33
280
634
204
87
667
432
766
710
529
337
489
512
693
334
706
774
783
315
45
502
93
271
739
667
27
504
426
967
163
799
372
59
201
204
317
56
54
465
949
48
491
715
293
964
959
251
732
915
687
820
701
208
353
956
710
620
711
900
830
380
306
465
275
442
492
454
32
350
846
432
741
951
980
471
346
968
167
352
814
818
714
582
269
197
268
88
513
723
227
118
284
8
810
283
962
688
479
309
30
19
746
60
429
321
155
62
451
592
829
421
583
505
194
949
214
263
523
717
218
111
30
362
297
319
10
829
522
385
575
842
135
934
441
399
117
513
92
280
419
238
153
770
13
936
374
945
994
662
71
40
27
130
537
313
829
465
467
740
816
751
718
184
600
838
152
539
159
110
772
493
709
403
578
479
211
546
276
27
61
205
856
977
962
236
367
323
621
537
190
486
253
724
964
559
501
339
958
26
104
525
388
134
33
545
252
59
308
359
686
478
494
60
240
877
6
852
690
636
483
415
40
157
808
774
325
748
55
890
185
208
909
720
2
97
672
746
652
438
517
926
465
535
265
141
490
804
811
252
72
646
524
869
388
572
362
75
9
881
62
859
320
213
432
776
517
89
611
254
6
1
133
180
293
660
359
390
374
997
826
306
375
514
713
867
150
390
576
228
752
826
125
334
292
647
941
311
387
852
705
41
147
29
966
96
118
738
583
26
19
220
313
566
581
220
624
129
139
492
3
542
499
764
767
439
142
619
350
130
569
61
480
914
185
998
800
716
421
595
11
999
731
110
231
290
254
575
1
991
398
290
439
642
78
908
465
774
672
491
470
369
800
397
485
263
850
946
376
577
918
59
866
644
42
351
522
6
188
199
737
674
206
658
547
18
236
565
485
452
983
839
767
325
320
4
559
599
890
734
419
328
863
910
847
457
991
55
518
818
399
542
279
625
926
323
159
927
714
600
308
248
641
963
813
506
513
171
21
584
150
692
570
275
715
370
759
736
684
342
115
843
522
784
702
387
582
648
721
799
772
172
498
758
901
318
757
464
692
902
992
542
972
440
537
940
561
432
718
797
602
490
622
893
930
314
692
988
741
747
214
829
588
129
788
177
372
3
25
314
118
661
933
47
363
383
679
947
450
638
796
764
953
789
362
482
536
340
451
56
737
596
241
488
850
266
30
806
118
402
579
535
28
396
657
535
191
396
434
510
819
405
472
74
102
511
50
367
825
874
245
731
286
560
716
974
964
994
532
563
642
101
74
806
392
372
335
558
82
201
770
487
75
829
22
915
384
717
151
35
528
86
726
22
827
186
772
254
366
810
91
896
860
370
9
25
824
906
748
448
142
150
755
664
129
94
694
12
871
67
611
480
665
177
216
421
123
993
727
537
310
666
960
644
844
584
298
905
164
101
121
272
242
23
674
266
25
771
69
900
47
24
882
19
830
814
408
669
718
691
577
286
582
737
662
920
574
685
948
741
731
355
554
785
2
400
709
452
383
73
911
782
879
481
718
312
387
915
492
202
739
234
333
282
429
735
790
372
670
363
410
906
180
699
388
442
844
353
506
789
881
323
914
948
425
22
755
478
569
529
764
735
246
217
841
228
237
381
646
597
821
554
665
545
720
91
451
195
469
534
241
625
657
611
328
665
610
864
178
983
658
839
792
88
784
605
564
997
756
892
673
278
965
573
174
574
364
627
11
127
456
174
946
735
162
60
222
794
902
391
470
748
437
115
367
18
889
272
489
135
825
93
136
413
892
990
273
58
203
168
506
153
182
299
475
673
446
776
95
906
524
5
564
554
701
528
535
602
969
915
522
736
943
260
464
924
79
430
710
206
804
459
428
195
403
306
367
811
302
973
703
503
216
912
875
392
553
241
777
415
609
35
787
813
341
350
372
88
67
415
262
618
435
54
303
791
580
744
226
989
628
560
734
549
187
227
104
764
155
381
728
960
80
799
786
337
837
881
781
535
178
486
727
788
341
139
972
58
387
914
347
203
489
583
632
758
181
502
7
857
28
901
406
208
400
190
797
50
940
868
215
331
373
453
214
212
668
711
540
717
123
794
50
309
947
43
879
70
160
449
696
859
930
509
571
373
670
383
398
42
97
183
619
60
593
474
585
602
121
218
789
436
897
915
744
287
327
542
757
768
825
328
377
121
768
897
448
423
238
315
546
838
332
514
659
128
439
699
601
477
494
933
31
29
411
779
451
571
717
723
168
904
958
391
571
746
568
598
186
164
576
840
971
927
576
914
2
395
421
322
859
935
773
721
813
345
678
922
361
291
661
282
57
618
534
623
719
285
973
921
8
946
300
650
577
749
110
407
364
717
766
348
665
548
184
525
831
30
681
973
388
927
543
152
303
207
243
585
523
252
789
455
108
100
957
497
465
171
281
456
773
168
52
894
616
42
525
39
608
989
881
648
355
611
554
73
596
420
630
17
333
722
332
991
490
374
827
54
518
292
606
27
420
431
519
702
638
634
685
857
257
343
582
356
192
155
125
813
843
146
156
235
355
192
453
902
154
955
26
980
197
68
93
798
739
633
367
319
396
852
177
334
688
515
210
703
987
299
679
768
771
421
803
252
284
217
920
896
615
450
149
755
808
751
912
482
61
38
791
959
618
531
287
122
387
682
915
421
316
150
190
4
889
560
984
334
810
550
990
117
295
487
957
863
986
596
184
816
700
305
480
772
186
257
548
51
428
850
961
774
277
714
187
531
45
994
851
868
427
647
123
58
635
860
558
632
230
917
3
496
29
448
540
861
941
754
411
51
580
608
219
16
238
248
680
424
405
801
486
836
495
628
996
692
813
195
928
514
692
704
461
467
253
720
726
493
240
38
798
664
65
422
526
807
166
614
758
156
240
703
144
490
848
117
473
528
174
749
23
965
477
136
829
181
843
140
652
345
512
189
569
966
898
897
842
593
577
476
194
457
610
148
859
386
263
943
621
716
508
148
67
813
739
971
361
332
319
289
804
746
391
405
962
746
429
41
998
618
166
699
294
461
635
429
952
705
744
263
902
284
685
286
257
133
588
143
740
434
780
802
544
719
212
490
28
290
858
677
627
667
129
530
296
361
279
513
771
445
601
324
1
103
413
701
762
849
900
820
378
176
327
233
261
95
757
672
358
883
205
343
389
151
913
99
577
729
725
384
227
638
174
589
694
876
861
681
475
806
143
567
875
740
568
505
370
635
450
855
44
147
77
135
95
944
18
15
158
579
969
287
826
868
276
898
58
136
933
611
478
978
87
133
161
538
752
209
808
258
123
525
272
512
975
158
602
323
687
459
649
819
915
535
39
849
853
185
247
316
582
948
143
385
801
394
211
603
126
119
351
885
381
52
533
615
531
605
302
679
957
70
15
446
815
477
116
780
477
919
188
911
928
332
637
242
931
46
770
608
592
742
960
514
10
390
156
145
999
994
40
553
962
535
308
165
842
922
660
548
311
570
523
30
188
409
602
80
245
9
342
932
726
641
354
124
980
302
255
883
406
774
77
176
55
677
404
354
812
706
475
518
972
385
476
582
622
799
12
806
302
859
982
372
146
888
613
960
706
700
686
677
397
293
814
595
452
843
248
458
684
403
425
506
968
369
806
869
923
338
642
216
408
368
801
884
169
360
142
487
858
795
240
986
465
145
628
742
68
763
895
760
125
968
883
904
902
612
359
243
357
785
526
121
567
983
584
971
590
199
52
481
75
649
914
326
100
580
23
630
249
921
396
943
848
975
437
207
745
352
336
928
768
220
93
746
433
677
417
161
671
469
640
160
745
36
190
10
550
382
368
541
318
162
502
298
24
880
690
50
42
765
237
511
143
356
40
878
398
956
105
118
731
675
408
120
341
10
863
367
147
649
387
211
217
283
856
62
830
661
969
103
406
723
784
40
440
863
93
671
901
463
832
331
202
788
155
791
61
742
423
667
219
970
742
778
604
174
922
203
977
1
254
310
125
931
541
313
950
875
134
406
384
618
844
842
461
578
630
885
80
897
907
571
184
375
356
671
820
396
703
468
292
276
548
370
199
279
837
155
194
266
151
608
209
187
7
897
709
94
464
651
630
230
161
716
594
985
215
485
845
443
831
789
446
3
366
976
927
137
983
10
720
48
940
521
802
722
495
170
672
957
183
882
410
346
891
299
720
134
429
906
878
157
652
737
752
766
421
917
684
961
575
992
326
504
993
387
380
304
461
665
315
903
209
681
699
787
835
71
781
50
55
515
696
134
762
851
314
305
156
252
502
158
584
638
754
296
985
702
951
89
894
460
271
901
809
14
918
915
890
226
242
829
989
512
557
805
543
445
526
908
337
718
833
913
632
730
622
44
599
64
104
459
649
85
715
757
108
107
944
276
555
949
414
207
726
158
600
688
189
443
189
88
190
919
620
974
793
621
668
37
721
279
656
442
268
686
924
226
223
890
113
249
623
502
794
900
777
882
137
471
659
2
603
606
104
579
799
249
221
143
882
293
380
359
805
463
998
444
764
608
337
98
469
610
572
601
276
629
961
854
40
467
797
359
145
10
24
327
75
993
876
367
582
770
985
34
652
450
702
448
536
665
987
193
882
529
320
959
676
555
81
329
67
970
652
832
424
939
523
632
468
796
614
121
144
858
882
903
484
490
946
228
679
188
385
337
301
477
181
387
546
796
214
522
404
52
215
567
781
608
621
528
526
355
205
912
138
432
853
792
103
485
721
881
199
334
293
587
837
613
568
128
274
302
969
184
391
840
518
474
551
48
219
948
950
161
200
468
492
870
264
242
571
126
77
795
345
940
33
199
564
526
133
861
992
407
307
514
978
620
724
762
928
520
538
236
423
843
711
953
95
701
639
20
39
638
943
695
911
776
521
585
915
200
694
732
195
1
319
940
974
641
782
513
353
193
308
149
739
109
319
319
758
58
118
646
611
899
628
1
116
260
817
132
709
385
208
675
617
495
636
15
175
953
594
803
885
279
595
616
352
815
916
98
926
372
862
331
65
98
157
815
22
799
110
148
344
943
816
277
321
317
686
895
591
285
43
494
850
313
580
212
792
818
653
391
549
927
849
130
864
495
616
413
981
480
469
48
508
637
733
911
437
620
80
17
665
6
710
843
257
399
631
940
593
364
886
490
920
588
166
476
260
576
509
555
578
606
336
805
615
593
456
669
759
879
687
353
693
599
828
424
187
484
192
42
1
532
644
755
71
630
145
596
751
429
803
767
159
553
297
922
538
430
364
991
362
69
341
116
140
779
555
484
385
165
599
631
467
727
252
632
463
536
480
64
359
617
389
314
435
535
228
589
301
55
839
286
724
416
485
926
92
35
161
961
231
248
226
289
192
659
534
252
60
930
982
27
219
503
81
353
835
930
449
236
71
501
22
832
838
462
829
729
269
321
7
678
603
833
758
7
748
971
668
91
993
720
949
261
591
405
664
593
191
979
821
294
868
208
553
822
970
362
891
446
906
325
608
712
974
515
653
43
574
353
652
954
939
668
492
167
153
309
255
345
593
204
789
407
819
942
399
812
365
526
304
216
263
529
599
761
730
239
295
519
991
914
51
282
338
450
991
827
707
265
665
58
325
506
308
391
288
81
309
103
912
411
432
443
181
679
183
347
904
791
824
650
324
990
849
831
696
709
897
330
823
43
496
178
323
307
606
380
485
496
930
866
935
295
158
213
698
949
112
334
179
928
839
242
925
418
104
954
796
118
257
345
829
59
786
881
284
99
569
71
156
814
392
696
560
152
303
940
735
836
905
431
774
14
295
943
731
447
183
998
695
430
366
225
568
75
102
116
64
254
654
868
226
373
866
955
664
840
359
718
323
216
589
598
271
54
12
202
102
361
840
71
992
486
370
921
303
839
113
774
882
723
256
908
373
850
103
462
73
444
159
976
692
382
33
675
263
996
259
528
948
120
440
937
294
673
280
773
353
714
72
515
295
61
239
341
10
749
52
846
568
482
161
688
449
162
235
689
880
582
151
329
675
629
465
54
37
220
943
228
290
27
627
67
556
688
887
25
470
252
926
599
122
638
851
128
424
864
926
400
460
776
211
510
230
95
107
171
768
342
391
835
987
767
790
705
820
761
959
788
23
183
365
968
214
723
279
332
400
180
224
921
108
911
165
91
124
112
435
589
829
6
435
6
52
473
246
497
803
37
238
186
831
892
794
454
881
828
595
697
841
803
860
527
362
918
374
443
314
555
701
194
254
383
770
367
678
837
431
242
423
716
839
306
716
113
59
413
670
788
397
709
886
297
558
264
560
200
776
201
28
369
526
85
219
686
335
789
944
652
770
688
84
32
695
125
162
796
407
709
5
975
71
467
159
701
175
830
579
614
832
306
996
55
798
221
354
475
150
558
191
42
67
377
579
828
250
695
42
391
76
894
363
144
124
331
970
422
66
376
139
90
460
545
70
242
949
664
239
781
667
129
162
550
910
364
765
282
430
60
780
315
75
434
158
340
536
49
825
461
763
615
689
871
281
520
427
40
329
872
353
46
885
259
604
758
813
186
463
930
819
124
376
814
420
568
997
177
221
778
84
550
53
691
801
323
555
798
450
514
766
53
773
988
442
833
840
420
265
295
943
175
409
204
567
805
382
503
237
274
549
819
459
589
678
87
185
833
206
348
606
735
722
668
876
362
871
335
875
185
453
660
294
676
516
404
749
949
101
746
478
325
768
660
830
122
379
210
588
536
996
872
590
190
340
826
985
260
721
3
498
196
287
238
54
388
214
727
45
305
452
201
241
657
305
306
482
931
964
507
63
871
358
705
36
84
321
485
318
401
299
447
586
590
521
825
715
227
920
15
581
993
489
121
700
111
786
695
557
255
544
699
63
853
412
743
339
824
849
857
159
373
301
304
22
213
642
546
899
51
780
579
753
189
231
851
774
893
954
91
67
221
463
279
545
248
864
850
17
409
845
620
891
529
731
998
937
871
565
462
877
403
38
354
481
688
586
958
469
813
454
679
942
477
298
467
987
573
488
196
752
925
152
183
274
149
398
951
251
482
197
818
196
857
214
830
478
816
255
794
171
155
987
921
464
125
590
953
322
172
505
301
820
460
919
101
131
787
973
2
101
530
728
347
769
542
964
639
393
832
209
582
242
164
178
900
443
25
368
867
590
589
482
228
647
894
774
355
167
79
212
105
208
937
572
487
363
915
731
904
490
783
260
682
398
418
816
15
998
940
26
267
494
698
427
6
221
206
441
312
524
251
961
591
485
997
788
854
781
419
221
397
723
182
962
869
342
188
830
659
434
852
413
519
331
487
366
939
16
305
160
470
460
880
724
225
397
963
822
459
447
842
773
132
349
922
997
58
674
365
678
474
964
118
449
566
154
713
190
319
474
140
294
939
175
625
844
673
862
452
310
892
157
731
119
599
16
638
678
251
26
960
577
557
128
193
312
228
266
487
849
235
594
505
38
93
435
582
51
192
711
199
450
409
74
61
630
682
398
139
9
542
226
334
1
729
994
768
882
119
157
361
118
75
4
83
737
797
304
205
987
62
937
294
712
12
788
831
745
37
95
783
737
965
533
593
138
582
192
442
50
846
806
417
254
918
870
122
657
819
686
882
480
641
572
128
208
567
190
901
484
591
133
860
411
669
871
824
417
525
876
735
135
73
761
961
587
79
318
793
515
925
64
579
927
692
714
187
697
613
24
371
539
350
952
836
594
698
630
246
323
342
676
701
891
786
528
505
764
197
863
865
465
164
426
371
161
945
987
788
169
408
818
575
273
468
713
346
808
550
41
118
713
648
172
74
485
589
434
639
389
260
206
393
929
373
65
656
619
772
208
170
447
120
592
757
789
223
67
473
554
947
386
383
69
260
643
955
886
428
377
800
992
754
216
47
843
565
150
669
404
18
315
132
531
837
773
190
3
329
507
767
621
507
964
115
890
683
320
9
870
233
590
976
563
835
224
516
170
886
462
474
298
652
930
458
643
284
382
877
138
867
872
972
82
559
342
665
645
258
461
96
782
974
721
753
786
482
182
997
991
189
714
460
998
773
744
143
75
410
610
105
245
478
559
514
369
375
497
168
576
14
523
359
835
738
410
344
840
80
7
427
829
558
784
710
67
541
975
778
439
577
557
833
214
802
765
504
88
54
625
749
303
475
77
593
864
807
422
381
326
571
2
486
351
703
898
578
871
431
279
513
857
384
910
40
862
140
31
690
833
21
133
778
135
317
5
776
113
173
367
834
648
302
752
888
974
438
631
869
35
391
901
127
260
953
493
971
444
426
430
245
223
493
639
465
714
240
531
442
753
545
389
408
757
706
984
203
61
868
544
408
230
299
731
435
905
881
851
35
807
181
745
71
350
919
182
398
224
219
716
903
641
463
965
624
364
211
821
325
521
203
657
284
833
585
170
144
463
274
125
423
553
8
294
46
26
248
968
770
530
466
612
37
161
537
454
454
234
701
143
606
270
642
341
429
141
196
965
